,tweet_id,favorites,retweet_count
0,666020888022790149,2560,520
1,666029285002620928,131,47
2,666033412701032449,125,45
3,666044226329800704,301,141
4,666049248165822465,109,40
5,666050758794694657,133,58
6,666051853826850816,1231,859
7,666055525042405380,441,257
8,666057090499244032,299,142
9,666058600524156928,113,58
10,666063827256086533,480,223
11,666071193221509120,148,62
12,666073100786774016,326,169
13,666082916733198337,120,45
14,666094000022159362,166,76
15,666099513787052032,158,71
16,666102155909144576,80,13
17,666104133288665088,14452,6691
18,666268910803644416,105,36
19,666273097616637952,178,77
20,666287406224695296,151,68
21,666293911632134144,513,359
22,666337882303524864,199,94
23,666345417576210432,301,142
24,666353288456101888,223,74
25,666362758909284353,785,579
26,666373753744588802,191,95
27,666396247373291520,168,87
28,666407126856765440,111,41
29,666411507551481857,451,333
30,666418789513326592,127,47
31,666421158376562688,320,115
32,666428276349472768,166,86
33,666430724426358785,321,200
34,666435652385423360,168,54
35,666437273139982337,129,50
36,666447344410484738,105,22
37,666454714377183233,529,215
38,666644823164719104,235,85
39,666649482315059201,900,595
40,666691418707132416,190,48
41,666701168228331520,441,224
42,666739327293083650,240,67
43,666776908487630848,360,179
44,666781792255496192,397,203
45,666786068205871104,784,503
46,666804364988780544,245,94
47,666817836334096384,534,259
48,666826780179869698,258,100
49,666835007768551424,220,82
50,666837028449972224,839,568
51,666983947667116034,2625,1022
52,666996132027977728,248,100
53,667012601033924608,462,235
54,667044094246576128,192,52
55,667062181243039745,222,56
56,667065535570550784,169,49
57,667073648344346624,414,129
58,667090893657276420,341,130
59,667119796878725120,337,133
60,667138269671505920,4748,2319
61,667152164079423490,48903,17811
62,667160273090932737,263,65
63,667165590075940865,2764,1199
64,667171260800061440,228,95
65,667174963120574464,256,86
66,667176164155375616,628,475
67,667177989038297088,194,57
68,667182792070062081,14790,6484
69,667188689915760640,766,433
70,667192066997374976,401,111
71,667200525029539841,633,274
72,667211855547486208,508,251
73,667369227918143488,379,170
74,667393430834667520,203,58
75,667405339315146752,480,225
76,667435689202614272,314,86
77,667437278097252352,465,250
78,667443425659232256,811,608
79,667453023279554560,320,94
80,667455448082227200,196,65
81,667470559035432960,265,101
82,667491009379606528,550,237
83,667495797102141441,547,288
84,667502640335572993,550,228
85,667509364010450944,7009,2225
86,667517642048163840,381,199
87,667524857454854144,1754,1173
88,667530908589760512,489,256
89,667534815156183040,848,562
90,667538891197542400,210,70
91,667544320556335104,899,551
92,667546741521195010,344,133
93,667549055577362432,6001,2406
94,667550882905632768,0,33
95,667550904950915073,0,35
96,667724302356258817,505,335
97,667728196545200128,386,159
98,667766675769573376,461,231
99,667773195014021121,240,59
100,667782464991965184,427,254
101,667793409583771648,720,345
102,667801013445750784,339,99
103,667806454573760512,1090,524
104,667832474953625600,294,66
105,667861340749471744,250,83
106,667866724293877760,3109,1085
107,667873844930215936,652,428
108,667878741721415682,405,125
109,667885044254572545,849,511
110,667886921285246976,1968,1154
111,667902449697558528,874,390
112,667911425562669056,510,318
113,667915453470232577,218,58
114,667924896115245057,308,117
115,667937095915278337,1324,840
116,668113020489474048,691,258
117,668142349051129856,581,303
118,668154635664932864,513,331
119,668171859951755264,512,203
120,668190681446379520,676,206
121,668204964695683073,576,204
122,668221241640230912,527,211
123,668226093875376128,315,112
124,668237644992782336,6467,3013
125,668248472370458624,1032,514
126,668256321989451776,1352,652
127,668268907921326080,575,254
128,668274247790391296,863,243
129,668286279830867968,525,146
130,668291999406125056,260,34
131,668297328638447616,642,313
132,668466899341221888,923,546
133,668480044826800133,480,157
134,668484198282485761,442,250
135,668496999348633600,428,141
136,668507509523615744,339,113
137,668528771708952576,488,237
138,668537837512433665,259,78
139,668542336805281792,483,227
140,668544745690562560,543,241
141,668567822092664832,255,61
142,668614819948453888,636,335
143,668620235289837568,216,46
144,668623201287675904,1512,830
145,668625577880875008,410,140
146,668627278264475648,333,122
147,668631377374486528,748,340
148,668633411083464705,2953,1746
149,668636665813057536,1087,512
150,668641109086707712,1121,566
151,668643542311546881,924,564
152,668645506898350081,935,575
153,668655139528511488,553,229
154,668779399630725120,732,398
155,668815180734689280,596,285
156,668826086256599040,457,147
157,668852170888998912,470,174
158,668872652652679168,549,315
159,668892474547511297,413,162
160,668902994700836864,330,106
161,668932921458302977,281,61
162,668955713004314625,295,74
163,668960084974809088,740,252
164,668975677807423489,1370,620
165,668979806671884288,828,375
166,668981893510119424,565,327
167,668986018524233728,574,178
168,668988183816871936,941,501
169,668989615043424256,711,346
170,668992363537309700,780,369
171,668994913074286592,459,249
172,669000397445533696,21741,6770
173,669006782128353280,599,265
174,669015743032369152,772,394
175,669037058363662336,683,328
176,669203728096960512,1051,508
177,669214165781868544,461,179
178,669216679721873412,939,409
179,669324657376567296,513,219
180,669327207240699904,599,122
181,669328503091937280,1053,441
182,669351434509529089,464,198
183,669353438988365824,673,271
184,669354382627049472,2822,1350
185,669359674819481600,380,132
186,669363888236994561,651,244
187,669367896104181761,479,167
188,669371483794317312,515,190
189,669375718304980992,1395,767
190,669393256313184256,378,81
191,669564461267722241,403,131
192,669567591774625800,244,60
193,669571471778410496,1652,1065
194,669573570759163904,451,154
195,669583744538451968,1555,989
196,669597912108789760,535,160
197,669603084620980224,989,392
198,669625907762618368,3690,1915
199,669661792646373376,841,464
200,669680153564442624,697,305
201,669682095984410625,368,141
202,669683899023405056,408,117
203,669749430875258880,283,68
204,669753178989142016,840,426
205,669923323644657664,245,62
206,669926384437997569,394,111
207,669942763794931712,528,180
208,669970042633789440,314,65
209,669972011175813120,461,172
210,669993076832759809,337,89
211,670003130994700288,345,98
212,670037189829525505,610,297
213,670040295598354432,783,117
214,670046952931721218,674,188
215,670055038660800512,695,352
216,670061506722140161,798,369
217,670069087419133954,663,263
218,670073503555706880,1629,843
219,670079681849372674,2328,1339
220,670086499208155136,724,267
221,670093938074779648,1078,358
222,670290420111441920,736,301
223,670303360680108032,443,144
224,670319130621435904,4015,1308
225,670338931251150849,445,118
226,670361874861563904,340,71
227,670374371102445568,767,287
228,670385711116361728,582,227
229,670403879788544000,450,169
230,670408998013820928,583,239
231,670411370698022913,2127,965
232,670417414769758208,590,342
233,670420569653809152,656,332
234,670421925039075328,1367,682
235,670427002554466305,538,174
236,670428280563085312,1451,676
237,670433248821026816,335,121
238,670434127938719744,1466,688
239,670435821946826752,1095,558
240,670442337873600512,676,207
241,670444955656130560,6995,2100
242,670449342516494336,1234,716
243,670452855871037440,571,220
244,670465786746662913,1012,588
245,670468609693655041,364,89
246,670474236058800128,1593,814
247,670668383499735048,11195,5370
248,670676092097810432,261,45
249,670679630144274432,780,308
250,670691627984359425,611,256
251,670704688707301377,790,393
252,670717338665226240,1270,529
253,670727704916926465,866,392
254,670733412878163972,1000,539
255,670755717859713024,466,120
256,670764103623966721,1120,453
257,670778058496974848,340,76
258,670780561024270336,806,307
259,670782429121134593,1645,838
260,670783437142401025,852,419
261,670786190031921152,627,214
262,670789397210615808,691,254
263,670792680469889025,869,293
264,670797304698376195,757,252
265,670803562457407488,351,93
266,670804601705242624,2053,1007
267,670807719151067136,1194,521
268,670811965569282048,1175,286
269,670815497391357952,3319,1650
270,670822709593571328,634,103
271,670823764196741120,806,202
272,670826280409919488,5815,4337
273,670832455012716544,765,233
274,670833812859932673,466,132
275,670838202509447168,1162,736
276,670840546554966016,617,208
277,670842764863651840,25622,9338
278,670995969505435648,1152,309
279,671109016219725825,1192,468
280,671115716440031232,1407,820
281,671122204919246848,3649,2697
282,671134062904504320,779,207
283,671138694582165504,967,427
284,671141549288370177,1218,696
285,671147085991960577,701,242
286,671151324042559489,698,162
287,671154572044468225,750,229
288,671159727754231808,390,87
289,671163268581498880,1733,1181
290,671166507850801152,910,376
291,671182547775299584,1167,364
292,671186162933985280,769,228
293,671347597085433856,1011,462
294,671355857343524864,497,118
295,671357843010908160,417,155
296,671362598324076544,1166,311
297,671390180817915904,1476,783
298,671485057807351808,791,245
299,671486386088865792,608,221
300,671488513339211776,1051,499
301,671497587707535361,961,474
302,671504605491109889,7344,3765
303,671511350426865664,1684,773
304,671518598289059840,985,310
305,671520732782923777,1454,567
306,671528761649688577,877,274
307,671533943490011136,1071,613
308,671536543010570240,1226,436
309,671538301157904385,961,421
310,671542985629241344,1138,602
311,671544874165002241,2079,1117
312,671547767500775424,1412,636
313,671561002136281088,13422,7707
314,671729906628341761,8913,4650
315,671735591348891648,1499,795
316,671743150407421952,768,241
317,671744970634719232,1399,821
318,671763349865160704,1754,977
319,671768281401958400,1240,555
320,671789708968640512,7363,3710
321,671855973984772097,953,485
322,671866342182637568,1169,535
323,671874878652489728,1302,587
324,671879137494245376,1478,731
325,671882082306625538,3610,1461
326,671891728106971137,1384,598
327,671896809300709376,8813,4422
328,672068090318987265,1355,548
329,672082170312290304,980,390
330,672095186491711488,1036,391
331,672125275208069120,2505,1215
332,672139350159835138,1830,770
333,672160042234327040,906,383
334,672169685991993344,1057,394
335,672205392827572224,2356,1230
336,672222792075620352,815,225
337,672231046314901505,1919,1071
338,672239279297454080,931,339
339,672245253877968896,712,166
340,672248013293752320,1793,645
341,672254177670729728,1484,784
342,672256522047614977,2935,1657
343,672264251789176834,1194,367
344,672267570918129665,1558,649
345,672272411274932228,6733,3597
346,672466075045466113,1412,577
347,672475084225949696,1502,749
348,672481316919734272,738,130
349,672482722825261057,1182,645
350,672488522314567680,1162,471
351,672523490734551040,677,185
352,672538107540070400,1068,398
353,672591271085670400,757,199
354,672591762242805761,989,354
355,672594978741354496,1379,644
356,672604026190569472,1161,432
357,672609152938721280,1157,412
358,672614745925664768,1275,627
359,672622327801233409,1350,525
360,672640509974827008,1011,344
361,672828477930868736,1310,518
362,672834301050937345,1369,613
363,672877615439593473,1070,393
364,672884426393653248,1622,880
365,672898206762672129,925,447
366,672902681409806336,1420,535
367,672964561327235073,1481,689
368,672968025906282496,1369,589
369,672970152493887488,996,377
370,672975131468300288,1760,984
371,672980819271634944,1882,1054
372,672984142909456390,1299,577
373,672988786805112832,1012,307
374,672995267319328768,993,318
375,672997845381865473,2044,767
376,673148804208660480,1776,675
377,673213039743795200,2351,905
378,673240798075449344,1478,774
379,673270968295534593,1106,395
380,673295268553605120,7859,3394
381,673317986296586240,902,282
382,673320132811366400,14141,8485
383,673342308415348736,1319,632
384,673343217010679808,1012,284
385,673345638550134785,2636,1381
386,673350198937153538,762,224
387,673352124999274496,1721,576
388,673355879178194945,1554,630
389,673359818736984064,1520,717
390,673363615379013632,1064,333
391,673576835670777856,1441,597
392,673580926094458881,863,286
393,673583129559498752,1242,393
394,673612854080196609,1657,781
395,673636718965334016,1170,398
396,673656262056419329,750,260
397,673662677122719744,1304,385
398,673680198160809984,1428,503
399,673686845050527744,1509,466
400,673688752737402881,1319,530
401,673689733134946305,1822,691
402,673697980713705472,3979,2100
403,673700254269775872,1492,612
404,673705679337693185,1308,424
405,673707060090052608,1148,421
406,673708611235921920,1117,309
407,673709992831262724,885,297
408,673711475735838725,1083,319
409,673715861853720576,3721,2246
410,673887867907739649,974,270
411,673906403526995968,3335,1754
412,673919437611909120,1218,389
413,673956914389192708,2046,1041
414,674008982932058114,1255,380
415,674014384960745472,1639,696
416,674019345211760640,1183,325
417,674024893172875264,1875,1316
418,674036086168010753,877,234
419,674038233588723717,1150,441
420,674042553264685056,753,138
421,674045139690631169,1482,692
422,674051556661161984,1520,519
423,674053186244734976,3483,1406
424,674063288070742018,6672,2389
425,674075285688614912,1020,307
426,674082852460433408,783,182
427,674255168825880576,1539,604
428,674262580978937856,1357,489
429,674265582246694913,1714,905
430,674269164442398721,939,248
431,674271431610523648,1647,780
432,674291837063053312,15488,6350
433,674318007229923329,1479,556
434,674372068062928900,895,334
435,674394782723014656,1571,617
436,674410619106390016,1255,505
437,674416750885273600,712,150
438,674422304705744896,1497,572
439,674436901579923456,1171,422
440,674447403907457024,1116,384
441,674468880899788800,6526,2216
442,674632714662858753,1572,620
443,674638615994089473,1764,631
444,674644256330530816,1074,296
445,674646392044941312,1502,544
446,674664755118911488,971,272
447,674670581682434048,1701,702
448,674690135443775488,1205,501
449,674737130913071104,673,100
450,674739953134403584,1173,424
451,674743008475090944,1470,594
452,674752233200820224,1549,503
453,674754018082705410,1431,482
454,674764817387900928,831,259
455,674767892831932416,1931,860
456,674774481756377088,1186,516
457,674781762103414784,2101,1309
458,674788554665512960,848,225
459,674790488185167872,1157,272
460,674793399141146624,2636,1183
461,674800520222154752,3164,933
462,674805413498527744,910,383
463,674999807681908736,2368,1198
464,675003128568291329,1631,506
465,675006312288268288,1027,244
466,675015141583413248,2853,1294
467,675047298674663426,1118,355
468,675109292475830276,2936,1223
469,675111688094527488,1014,275
470,675113801096802304,2061,852
471,675135153782571009,1366,532
472,675145476954566656,2248,974
473,675146535592706048,1264,339
474,675147105808306176,998,261
475,675149409102012420,3945,1825
476,675153376133427200,6648,2826
477,675166823650848770,3820,1748
478,675334060156301312,2938,1400
479,675349384339542016,4153,2455
480,675354435921575936,34565,18549
481,675362609739206656,1106,251
482,675372240448454658,1798,547
483,675432746517426176,1599,615
484,675483430902214656,1950,1055
485,675489971617296384,1369,649
486,675497103322386432,3318,1414
487,675501075957489664,18134,6316
488,675517828909424640,1382,494
489,675522403582218240,1098,308
490,675531475945709568,1245,420
491,675534494439489536,1906,454
492,675706639471788032,681,104
493,675707330206547968,2104,750
494,675710890956750848,2000,901
495,675740360753160193,1226,377
496,675781562965868544,1705,517
497,675798442703122432,10865,3683
498,675820929667219457,1110,251
499,675822767435051008,1612,578
500,675845657354215424,2423,970
501,675853064436391936,2851,1416
502,675870721063669760,1741,615
503,675878199931371520,4430,1536
504,675888385639251968,2523,1043
505,675891555769696257,2257,950
506,675898130735476737,1736,633
507,676089483918516224,1393,466
508,676098748976615425,3196,1565
509,676101918813499392,2976,1255
510,676146341966438401,2038,726
511,676191832485810177,2414,1119
512,676215927814406144,1843,644
513,676219687039057920,79026,33827
514,676237365392908289,1295,324
515,676263575653122048,2189,592
516,676430933382295552,1476,377
517,676440007570247681,1821,734
518,676470639084101634,12374,5105
519,676496375194980353,1603,584
520,676533798876651520,1990,607
521,676575501977128964,2747,1229
522,676582956622721024,1280,307
523,676588346097852417,2478,871
524,676603393314578432,1246,431
525,676606785097199616,2000,480
526,676613908052996102,1156,212
527,676617503762681856,3079,1079
528,676776431406465024,5293,2195
529,676811746707918848,1508,460
530,676819651066732545,1916,723
531,676821958043033607,24581,17102
532,676864501615042560,2236,783
533,676897532954456065,2384,796
534,676936541936185344,13523,5382
535,676942428000112642,2207,839
536,676946864479084545,1809,414
537,676948236477857792,2304,957
538,676949632774234114,1378,431
539,676957860086095872,2343,886
540,676975532580409345,2949,1173
541,677187300187611136,2907,1004
542,677228873407442944,3771,1793
543,677269281705472000,2113,774
544,677301033169788928,1325,454
545,677314812125323265,1751,590
546,677328882937298944,3865,1643
547,677331501395156992,1159,261
548,677334615166730240,1444,321
549,677530072887205888,1132,245
550,677547928504967168,7398,3978
551,677557565589463040,2598,1278
552,677565715327688705,1371,503
553,677573743309385728,2282,804
554,677644091929329666,2008,872
555,677662372920729601,2082,1069
556,677673981332312066,3552,1641
557,677687604918272002,2631,925
558,677698403548192770,1304,350
559,677700003327029250,3615,1574
560,677716515794329600,3255,1072
561,677895101218201600,5159,2330
562,677918531514703872,1437,448
563,678021115718029313,14690,6988
564,678255464182861824,1691,408
565,678278586130948096,12269,6673
566,678334497360859136,1385,295
567,678341075375947776,1847,593
568,678380236862578688,2597,989
569,678389028614488064,1994,463
570,678396796259975168,1695,463
571,678399652199309312,61218,30095
572,678410210315247616,4536,2009
573,678424312106393600,5795,2807
574,678446151570427904,4263,1737
575,678643457146150913,2197,474
576,678675843183484930,3076,1639
577,678740035362037760,4011,1883
578,678755239630127104,7649,3659
579,678764513869611008,1745,528
580,678767140346941444,3774,1514
581,678774928607469569,2976,1016
582,678798276842360832,3733,1309
583,678800283649069056,2757,992
584,678969228704284672,1754,511
585,678991772295516161,2490,1292
586,679047485189439488,2414,756
587,679062614270468097,18340,9074
588,679111216690831360,6395,2827
589,679132435750195208,3176,1281
590,679148763231985668,2966,1135
591,679158373988876288,23057,8946
592,679462823135686656,34114,20784
593,679475951516934144,2252,706
594,679503373272485890,3400,1635
595,679511351870550016,3617,1425
596,679527802031484928,2842,803
597,679530280114372609,5104,2287
598,679722016581222400,1775,521
599,679729593985699840,2318,909
600,679736210798047232,2251,885
601,679777920601223168,3314,1242
602,679828447187857408,38902,15451
603,679844490799091713,2540,862
604,679854723806179328,3075,1358
605,679862121895714818,2631,685
606,679877062409191424,2107,707
607,680055455951884288,17922,7867
608,680070545539371008,2755,967
609,680085611152338944,13702,9804
610,680100725817409536,3816,1513
611,680115823365742593,2904,1006
612,680130881361686529,2460,1048
613,680145970311643136,3877,1919
614,680161097740095489,2477,807
615,680176173301628928,4182,1727
616,680191257256136705,2300,565
617,680206703334408192,3043,1296
618,680221482581123072,1562,321
619,680440374763077632,1549,553
620,680473011644985345,2714,826
621,680494726643068929,1839,531
622,680497766108381184,4547,2119
623,680583894916304897,3865,1478
624,680609293079592961,2826,791
625,680798457301471234,3068,1153
626,680801747103793152,2542,910
627,680836378243002368,3696,1482
628,680889648562991104,1895,406
629,680913438424612864,2559,684
630,680934982542561280,2229,486
631,680940246314430465,3462,1172
632,680959110691590145,4888,2197
633,680970795137544192,2602,727
634,681193455364796417,3984,1642
635,681231109724700672,2569,531
636,681242418453299201,1607,606
637,681261549936340994,1559,300
638,681281657291280384,3446,1216
639,681297372102656000,3416,1061
640,681302363064414209,4247,2024
641,681320187870711809,2859,843
642,681339448655802368,9991,4489
643,681523177663676416,15399,6443
644,681579835668455424,3811,1451
645,681610798867845120,2053,522
646,681654059175129088,2840,1026
647,681679526984871937,1886,491
648,681694085539872773,13748,4456
649,681891461017812993,2648,924
650,681981167097122816,2970,1135
651,682003177596559360,3381,1683
652,682032003584274432,7074,2233
653,682047327939461121,3454,1064
654,682059653698686977,5330,1874
655,682242692827447297,3494,1308
656,682259524040966145,4480,1353
657,682303737705140231,3306,1103
658,682389078323662849,1790,513
659,682393905736888321,2390,753
660,682406705142087680,8155,1953
661,682429480204398592,3685,1282
662,682638830361513985,2207,663
663,682662431982772225,3270,1183
664,682697186228989953,1410,394
665,682750546109968385,1631,481
666,682788441537560576,2652,1236
667,682962037429899265,39882,18499
668,683030066213818368,2318,809
669,683078886620553216,2133,620
670,683098815881154561,2322,718
671,683111407806746624,3659,1013
672,683142553609318400,3094,1152
673,683357973142474752,3165,1038
674,683391852557561860,8186,2636
675,683449695444799489,4189,1778
676,683462770029932544,2619,745
677,683481228088049664,2824,1092
678,683498322573824003,3399,1062
679,683742671509258241,7016,3686
680,683773439333797890,3604,1493
681,683828599284170753,3002,1164
682,683834909291606017,2822,1226
683,683849932751646720,2822,1085
684,683852578183077888,2066,390
685,683857920510050305,4081,1230
686,684097758874210310,4423,1586
687,684122891630342144,2138,526
688,684177701129875456,2170,746
689,684188786104872960,3742,1304
690,684195085588783105,2062,577
691,684200372118904832,2340,1141
692,684222868335505415,4140,1532
693,684225744407494656,1335,235
694,684241637099323392,8792,3643
695,684460069371654144,2121,614
696,684481074559381504,4158,1295
697,684538444857667585,2854,1065
698,684567543613382656,3240,1372
699,684594889858887680,9636,3915
700,684800227459624960,2918,1093
701,684880619965411328,2256,916
702,684902183876321280,2015,591
703,684914660081053696,3766,1618
704,684926975086034944,3771,530
705,684940049151070208,3454,1158
706,684959798585110529,7169,3458
707,685169283572338688,4406,1582
708,685198997565345792,2503,739
709,685268753634967552,3343,1337
710,685307451701334016,2220,487
711,685315239903100929,3598,1195
712,685321586178670592,2854,716
713,685325112850124800,10237,4423
714,685532292383666176,3270,1274
715,685547936038666240,35498,17331
716,685641971164143616,3152,858
717,685663452032069632,3491,1615
718,685667379192414208,2516,641
719,685906723014619143,8100,3220
720,685943807276412928,1762,679
721,685973236358713344,2272,591
722,686003207160610816,1957,709
723,686007916130873345,2655,463
724,686034024800862208,3351,1300
725,686050296934563840,2372,816
726,686358356425093120,2360,755
727,686377065986265092,2382,625
728,686386521809772549,3491,980
729,686606069955735556,2028,597
730,686618349602762752,3961,1504
731,686683045143953408,3013,888
732,686730991906516992,4462,1320
733,686749460672679938,3745,1621
734,686947101016735744,9257,3503
735,687096057537363968,2407,675
736,687102708889812993,2516,1097
737,687109925361856513,6237,2734
738,687124485711986689,2325,559
739,687127927494963200,5883,2527
740,687312378585812992,4678,2099
741,687317306314240000,21655,10130
742,687460506001633280,2194,598
743,687476254459715584,2130,598
744,687480748861947905,1718,276
745,687494652870668288,2060,637
746,687664829264453632,2085,569
747,687704180304273409,2621,934
748,687807801670897665,2568,772
749,687818504314159109,2697,1062
750,687826841265172480,2929,1256
751,688064179421470721,1843,401
752,688116655151435777,3031,868
753,688179443353796608,2274,650
754,688211956440801280,2386,926
755,688385280030670848,10013,4915
756,688519176466644993,2473,804
757,688547210804498433,2801,773
758,688789766343622656,2382,733
759,688804835492233216,1027,218
760,688828561667567616,1475,409
761,688894073864884227,2401,773
762,688898160958271489,2262,870
763,688908934925697024,2271,853
764,688916208532455424,2935,960
765,689143371370250240,2185,573
766,689154315265683456,3295,1108
767,689275259254616065,1245,275
768,689280876073582592,2151,794
769,689283819090870273,3539,1221
770,689289219123089408,2423,1025
771,689517482558820352,3649,1574
772,689557536375177216,2212,509
773,689599056876867584,12524,6093
774,689623661272240129,2409,722
775,689659372465688576,11199,4305
776,689661964914655233,3432,1020
777,689835978131935233,2325,834
778,689877686181715968,3237,1309
779,689905486972461056,2604,768
780,689977555533848577,1464,491
781,689999384604450816,1530,414
782,690005060500217858,3927,1864
783,690015576308211712,2688,814
784,690021994562220032,2998,1145
785,690248561355657216,1809,457
786,690360449368465409,2861,981
787,690374419777196032,3491,955
788,690400367696297985,2002,498
789,690597161306841088,2109,665
790,690649993829576704,1406,311
791,690690673629138944,2488,874
792,690728923253055490,2328,577
793,690735892932222976,4055,1415
794,690932576555528194,3534,1120
795,690938899477221376,4452,2200
796,690959652130045952,3842,1387
797,691090071332753408,1834,377
798,691096613310316544,3190,991
799,691321916024623104,2778,730
800,691416866452082688,20843,8439
801,691444869282295808,2848,937
802,691459709405118465,4363,1265
803,691483041324204033,2550,634
804,691675652215414786,2078,563
805,691756958957883396,3112,1133
806,691820333922455552,4238,1812
807,692017291282812928,3083,1060
808,692142790915014657,1762,430
809,692158366030913536,2312,882
810,692187005137076224,2706,907
811,692417313023332352,10075,3822
812,692530551048294401,1983,464
813,692535307825213440,3437,1497
814,692568918515392513,4653,1690
815,692752401762250755,7343,4019
816,692828166163931137,3089,966
817,692894228850999298,2453,887
818,692901601640583168,1929,666
819,692905862751522816,2622,973
820,692919143163629568,2869,821
821,693095443459342336,2012,509
822,693109034023534592,1846,672
823,693155686491000832,8492,3535
824,693231807727280129,3072,811
825,693262851218264065,2395,554
826,693280720173801472,3607,1368
827,693486665285931008,1903,686
828,693590843962331137,5455,2166
829,693622659251335168,1655,408
830,693629975228977152,2632,881
831,693642232151285760,2731,459
832,693647888581312512,2901,653
833,693942351086120961,1858,407
834,694001791655137281,3634,1144
835,694183373896572928,3166,1024
836,694206574471057408,4501,2249
837,694329668942569472,2161,552
838,694352839993344000,2193,684
839,694356675654983680,1620,320
840,694669722378485760,38279,15909
841,694905863685980160,2979,1034
842,695051054296211456,2861,867
843,695064344191721472,1727,664
844,695074328191332352,3054,1212
845,695095422348574720,2830,675
846,695314793360662529,3923,1629
847,695409464418041856,9256,3925
848,695446424020918272,4678,1991
849,695629776980148225,4917,2329
850,695767669421768709,2014,821
851,695794761660297217,3421,858
852,695816827381944320,3227,1288
853,696405997980676096,3457,1254
854,696488710901260288,2732,1138
855,696713835009417216,2557,725
856,696754882863349760,1580,390
857,696877980375769088,2629,785
858,696886256886657024,5191,1975
859,696894894812565505,2528,743
860,696900204696625153,3437,1130
861,697242256848379904,2702,737
862,697255105972801536,3248,1279
863,697259378236399616,3538,1101
864,697270446429966336,5018,2045
865,697463031882764288,3672,1517
866,697482927769255936,2604,748
867,697575480820686848,2201,556
868,697596423848730625,3256,1386
869,697616773278015490,3392,1117
870,697881462549430272,3246,1305
871,697943111201378304,2580,758
872,697990423684476929,3532,1423
873,697995514407682048,1635,365
874,698178924120031232,3020,812
875,698195409219559425,18037,6581
876,698262614669991936,5109,2219
877,698342080612007937,2436,1047
878,698355670425473025,2007,497
879,698549713696649216,2492,684
880,698635131305795584,1377,375
881,698703483621523456,1563,416
882,698710712454139905,2660,755
883,698907974262222848,2733,681
884,698953797952008193,2910,991
885,698989035503689728,3643,1084
886,699036661657767936,2808,1318
887,699072405256409088,3233,1304
888,699079609774645248,2627,721
889,699088579889332224,2400,696
890,699323444782047232,3394,957
891,699370870310113280,2016,484
892,699413908797464576,2215,680
893,699423671849451520,1472,367
894,699434518667751424,2333,562
895,699446877801091073,6381,2876
896,699691744225525762,11026,5057
897,699775878809702401,2104,671
898,699779630832685056,2979,1367
899,699788877217865730,2417,543
900,699801817392291840,3275,1065
901,700002074055016451,3551,1483
902,700029284593901568,2220,640
903,700062718104104960,2838,763
904,700143752053182464,8112,3042
905,700151421916807169,2410,731
906,700167517596164096,2849,821
907,700462010979500032,4457,1983
908,700505138482569216,2445,628
909,700518061187723268,2830,881
910,700747788515020802,24601,10345
911,700796979434098688,2618,1055
912,700847567345688576,2607,549
913,700864154249383937,2783,672
914,700890391244103680,2390,635
915,701214700881756160,13177,5659
916,701545186879471618,2843,667
917,701570477911896070,3026,1030
918,701601587219795968,2242,509
919,701889187134500865,3829,1517
920,701952816642965504,4100,1122
921,701981390485725185,3694,1087
922,702217446468493312,5169,1477
923,702276748847800320,2656,839
924,702321140488925184,3539,1138
925,702539513671897089,3080,1060
926,702598099714314240,11116,3619
927,702671118226825216,2350,618
928,702684942141153280,3455,1187
929,702932127499816960,2782,799
930,703041949650034688,28422,13817
931,703079050210877440,7930,3399
932,703268521220972544,2109,610
933,703356393781329922,2046,424
934,703382836347330562,3765,1258
935,703407252292673536,2644,764
936,703425003149250560,4087,1522
937,703611486317502464,4146,1671
938,703631701117943808,2786,759
939,703769065844768768,3541,1249
940,703774238772166656,1980,514
941,704054845121142784,3140,1007
942,704113298707505153,1994,618
943,704347321748819968,1697,386
944,704364645503647744,8640,3908
945,704480331685040129,3651,1165
946,704499785726889984,3152,1098
947,704761120771465216,7138,3187
948,704819833553219584,2838,1112
949,704847917308362754,5493,1694
950,704859558691414016,2419,601
951,704871453724954624,4527,1224
952,705066031337840642,2329,664
953,705102439679201280,2306,569
954,705223444686888960,2767,883
955,705239209544720384,3217,825
956,705428427625635840,4094,1873
957,705442520700944385,4779,1819
958,705475953783398401,3178,1016
959,705591895322394625,3401,1275
960,705786532653883392,2094,585
961,705898680587526145,2543,626
962,705970349788291072,3370,982
963,705975130514706432,3327,816
964,706166467411222528,5522,1770
965,706265994973601792,2919,1007
966,706291001778950144,1824,513
967,706310011488698368,23019,8790
968,706346369204748288,3695,1012
969,706516534877929472,3329,1134
970,706538006853918722,3707,1544
971,706593038911545345,2311,693
972,706644897839910912,2766,1202
973,706681918348251136,3555,1066
974,706901761596989440,2221,664
975,707014260413456384,2464,650
976,707021089608753152,4349,1510
977,707038192327901184,2360,881
978,707059547140169728,2756,743
979,707297311098011648,2954,883
980,707315916783140866,2646,706
981,707377100785885184,3524,1182
982,707387676719185920,3762,1440
983,707411934438625280,2438,658
984,707420581654872064,2443,771
985,707610948723478529,18198,7065
986,707693576495472641,3671,1100
987,707741517457260545,2668,673
988,707776935007539200,3516,1043
989,707969809498152960,2890,1067
990,707995814724026368,3326,1231
991,708026248782585858,4677,2114
992,708109389455101952,2076,592
993,708119489313951744,2878,1071
994,708130923141795840,3635,923
995,708149363256774660,4571,1687
996,708349470027751425,2523,811
997,708356463048204288,3866,1485
998,708469915515297792,3298,898
999,708479650088034305,2728,746
1000,708711088997666817,2729,803
1001,708738143638450176,2933,895
1002,708810915978854401,17699,7644
1003,708834316713893888,1824,552
1004,708845821941387268,3177,986
1005,709042156699303936,5107,1810
1006,709158332880297985,2192,455
1007,709198395643068416,2582,704
1008,709207347839836162,13506,6412
1009,709225125749587968,2568,630
1010,709409458133323776,2806,764
1011,709449600415961088,2381,652
1012,709519240576036864,1592,265
1013,709556954897764353,3520,1168
1014,709566166965075968,3779,1332
1015,709852847387627521,3755,1311
1016,709901256215666688,717,109
1017,709918798883774466,3194,1183
1018,710117014656950272,5888,2193
1019,710140971284037632,2962,982
1020,710153181850935296,3105,974
1021,710269109699739648,2570,1233
1022,710272297844797440,4842,1380
1023,710283270106132480,2276,568
1024,710588934686908417,4885,2057
1025,710658690886586372,2468,621
1026,710833117892898816,2881,590
1027,710844581445812225,2727,754
1028,710997087345876993,4872,1534
1029,711008018775851008,3206,689
1030,711306686208872448,3537,803
1031,711363825979756544,3919,1254
1032,711652651650457602,4143,1010
1033,711694788429553666,35184,20023
1034,711732680602345472,9540,4529
1035,711743778164514816,3039,1081
1036,711968124745228288,8615,2534
1037,711998809858043904,0,137
1038,712065007010385924,2418,691
1039,712085617388212225,3460,538
1040,712092745624633345,3153,993
1041,712097430750289920,4068,1145
1042,712438159032893441,5690,1712
1043,712668654853337088,4449,1333
1044,712717840512598017,13231,5468
1045,712809025985978368,19936,7403
1046,713175907180089344,4765,1598
1047,713177543487135744,7704,3114
1048,713411074226274305,4711,1414
1049,713761197720473600,5213,1511
1050,713900603437621249,3016,817
1051,713919462244790272,3495,853
1052,714141408463036416,4600,1534
1053,714214115368108032,2428,965
1054,714251586676113411,3500,923
1055,714258258790387713,3218,788
1056,714606013974974464,3872,1022
1057,714631576617938945,3497,1097
1058,714957620017307648,4420,1556
1059,714982300363173890,4014,1132
1060,715009755312439296,4464,1362
1061,715200624753819648,5479,2061
1062,715220193576927233,2575,722
1063,715342466308784130,3233,753
1064,715360349751484417,5849,1725
1065,715680795826982913,4625,1781
1066,715696743237730304,4180,1417
1067,715733265223708672,4989,1859
1068,715928423106027520,3426,963
1069,716080869887381504,5228,1914
1070,716285507865542656,2973,1196
1071,716439118184652801,2527,241
1072,716791146589110272,5910,1521
1073,716802964044845056,4560,1286
1074,717009362452090881,3494,1076
1075,717047459982213120,6705,2090
1076,717421804990701568,3371,927
1077,717537687239008257,6166,2017
1078,717790033953034240,3103,1241
1079,717841801130979328,2619,655
1080,718234618122661888,4135,1098
1081,718246886998687744,2057,551
1082,718454725339934721,5217,1648
1083,718460005985447936,2890,584
1084,718540630683709445,2668,1110
1085,718613305783398402,2617,529
1086,718631497683582976,20274,8873
1087,718939241951195136,5611,1924
1088,718971898235854848,3734,1206
1089,719332531645071360,3649,1046
1090,719339463458033665,4714,1369
1091,719367763014393856,2979,809
1092,719551379208073216,5405,2121
1093,719704490224398336,4879,1589
1094,719991154352222208,5174,1924
1095,720043174954147842,5242,2198
1096,720059472081784833,4158,1241
1097,720340705894408192,3063,1072
1098,720389942216527872,6859,2767
1099,720415127506415616,4409,1637
1100,720775346191278080,2645,745
1101,720785406564900865,3333,845
1102,721001180231503872,2698,675
1103,721503162398597120,4987,2059
1104,722613351520608256,5299,1794
1105,722974582966214656,4395,1721
1106,723179728551723008,5671,2057
1107,723673163800948736,3233,980
1108,723688335806480385,8269,3270
1109,723912936180330496,4153,1344
1110,724004602748780546,4478,1735
1111,724046343203856385,2850,608
1112,724049859469295616,4643,1939
1113,724405726123311104,5682,1808
1114,724771698126512129,2542,702
1115,724983749226668032,3964,1432
1116,725729321944506368,5538,1953
1117,725786712245440512,4454,1489
1118,725842289046749185,7546,2902
1119,726224900189511680,4722,1274
1120,726828223124897792,3799,1101
1121,726887082820554753,4109,1649
1122,726935089318363137,7362,2683
1123,727175381690781696,4139,1499
1124,727286334147182592,3248,901
1125,727314416056803329,3552,821
1126,727524757080539137,4789,1348
1127,727644517743104000,6324,1920
1128,727685679342333952,3143,698
1129,728015554473250816,4399,1200
1130,728035342121635841,4868,1836
1131,728046963732717569,4624,1290
1132,728387165835677696,3934,1048
1133,728409960103686147,5283,2214
1134,728653952833728512,3546,1144
1135,728751179681943552,2992,742
1136,728760639972315136,4998,1864
1137,728986383096946689,3398,895
1138,729113531270991872,2022,362
1139,729463711119904772,6227,2530
1140,729823566028484608,4275,1363
1141,729838605770891264,1826,419
1142,729854734790754305,4310,1226
1143,730196704625098752,5243,2117
1144,730211855403241472,4102,1152
1145,730427201120833536,3720,1148
1146,730573383004487680,5280,2373
1147,730924654643314689,6570,2176
1148,731156023742988288,4109,1394
1149,731285275100512256,3737,1075
1150,732005617171337216,16007,6007
1151,732375214819057664,8671,2763
1152,732585889486888962,3951,849
1153,732726085725589504,3790,970
1154,732732193018155009,2614,588
1155,733109485275860992,45578,17424
1156,733460102733135873,4515,1411
1157,733482008106668032,3370,1043
1158,733822306246479872,3944,1110
1159,733828123016450049,3859,855
1160,734776360183431168,2689,594
1161,734787690684657664,13480,6935
1162,734912297295085568,2934,566
1163,735137028879360001,3354,1065
1164,735256018284875776,3600,971
1165,735274964362878976,13966,5601
1166,735635087207878657,6656,2598
1167,735648611367784448,4311,1204
1168,735991953473572864,3868,1265
1169,736010884653420544,8492,3268
1170,736225175608430592,8729,3046
1171,736365877722001409,4296,1373
1172,736736130620620800,4637,1924
1173,737310737551491075,15760,8158
1174,737322739594330112,3877,885
1175,737445876994609152,11090,4924
1176,737678689543020544,5417,1472
1177,737800304142471168,10731,3816
1178,737826014890496000,5654,1955
1179,738156290900254721,2714,731
1180,738166403467907072,9448,3751
1181,738184450748633089,4641,1333
1182,738402415918125056,3524,936
1183,738537504001953792,5475,1720
1184,738883359779196928,3595,895
1185,738885046782832640,4048,1254
1186,739238157791694849,73643,51129
1187,739485634323156992,7752,3241
1188,739544079319588864,42793,23684
1189,739606147276148736,5798,1828
1190,739844404073074688,4070,936
1191,739932936087216128,4360,1188
1192,739979191639244800,21451,6539
1193,740214038584557568,7191,2169
1194,740359016048689152,3550,943
1195,740365076218183684,2666,482
1196,740373189193256964,37275,14681
1197,740676976021798912,19504,7514
1198,740699697422163968,3050,861
1199,740711788199743490,3670,1031
1200,740995100998766593,6892,3061
1201,741067306818797568,10150,3420
1202,741303864243200000,9444,3565
1203,741438259667034112,3948,920
1204,741743634094141440,8783,3053
1205,741793263812808706,4894,1663
1206,742150209887731712,5548,1729
1207,742161199639494656,4671,1512
1208,742385895052087300,7317,2200
1209,742423170473463808,10609,4207
1210,742465774154047488,7800,4281
1211,742528092657332225,4787,2193
1212,743210557239623680,4130,1507
1213,743222593470234624,6666,2105
1214,743253157753532416,4545,1333
1215,743510151680958465,8503,4074
1216,743545585370791937,3794,1040
1217,743595368194129920,19897,7257
1218,743609206067040256,4827,1519
1219,743895849529389061,3925,1056
1220,743980027717509120,4471,1204
1221,744234799360020481,128715,77699
1222,744334592493166593,7276,2370
1223,744709971296780288,6031,1720
1224,744971049620602880,8480,2966
1225,744995568523612160,3218,695
1226,745057283344719872,7794,2529
1227,745314880350101504,7706,3059
1228,745422732645535745,9238,2700
1229,745433870967832576,7665,2811
1230,745712589599014916,7518,2574
1231,745789745784041472,4356,1177
1232,746056683365994496,3826,909
1233,746131877086527488,7425,2442
1234,746369468511756288,6511,1817
1235,746507379341139972,5006,1196
1236,746726898085036033,6512,1983
1237,746790600704425984,5253,1767
1238,746818907684614144,5707,1899
1239,746872823977771008,6459,2373
1240,746906459439529985,3114,328
1241,747103485104099331,10357,4436
1242,747204161125646336,3657,1015
1243,747219827526344708,5695,1743
1244,747461612269887489,4179,1148
1245,747512671126323200,6007,1754
1246,747594051852075008,3976,1174
1247,747600769478692864,2507,604
1248,747816857231626240,5243,1287
1249,747844099428986880,3029,825
1250,747885874273214464,3185,1094
1251,747933425676525569,7172,2830
1252,747963614829678593,6264,2394
1253,748307329658011649,3966,795
1254,748324050481647620,4006,848
1255,748346686624440324,5638,1376
1256,748568946752774144,2366,749
1257,748575535303884801,6559,2210
1258,748692773788876800,4584,1472
1259,748699167502000129,5120,1771
1260,748705597323898880,2989,1046
1261,748932637671223296,6336,2503
1262,748977405889503236,11617,3792
1263,749036806121881602,3354,872
1264,749064354620928000,5185,1679
1265,749317047558017024,5940,2457
1266,749395845976588288,9312,3853
1267,749403093750648834,2837,609
1268,749417653287129088,6605,1858
1269,749774190421639168,5028,1458
1270,749981277374128128,5531,2717
1271,749996283729883136,3275,892
1272,750011400160841729,3508,1011
1273,750026558547456000,2935,873
1274,750041628174217216,3437,686
1275,750056684286914561,3382,988
1276,750071704093859840,8482,3715
1277,750086836815486976,2345,606
1278,750101899009982464,3293,935
1279,750117059602808832,4667,1437
1280,750132105863102464,3923,1403
1281,750147208377409536,3344,1072
1282,750383411068534784,4915,1270
1283,750429297815552001,14287,4813
1284,750506206503038976,4825,1279
1285,750719632563142656,14317,5605
1286,750868782890057730,5195,1550
1287,751132876104687617,5515,1449
1288,751205363882532864,6827,2035
1289,751251247299190784,13554,6535
1290,751456908746354688,3472,1102
1291,751538714308972544,5449,1407
1292,751583847268179968,4786,1241
1293,751598357617971201,8552,3360
1294,751830394383790080,6293,2171
1295,751937170840121344,5662,1494
1296,752173152931807232,6451,2054
1297,752309394570878976,0,18549
1298,752334515931054080,4143,1233
1299,752519690950500352,7990,3822
1300,752660715232722944,4788,1751
1301,752682090207055872,6525,1790
1302,752917284578922496,7444,1746
1303,753026973505581056,4219,1084
1304,753294487569522689,3694,1159
1305,753375668877008896,8254,2591
1306,753398408988139520,6274,2135
1307,753420520834629632,8582,3981
1308,753655901052166144,6335,2430
1309,754011816964026368,9544,4011
1310,754120377874386944,8503,2597
1311,754449512966619136,4078,820
1312,754482103782404096,5752,2162
1313,754747087846248448,2797,582
1314,754856583969079297,7457,2803
1315,754874841593970688,0,8946
1316,755110668769038337,23009,12333
1317,755206590534418437,17860,5995
1318,755955933503782912,7949,3205
1319,756275833623502848,6991,1705
1320,756288534030475264,45700,19410
1321,756303284449767430,4289,1202
1322,756526248105566208,11304,4050
1323,756651752796094464,5503,1476
1324,756939218950160384,7215,2234
1325,756998049151549440,6805,2215
1326,757354760399941633,4909,1586
1327,757393109802180609,6332,1944
1328,757400162377592832,16448,7591
1329,757596066325864448,4734,1181
1330,757597904299253760,0,324
1331,757611664640446465,4945,1244
1332,757725642876129280,4936,1364
1333,757729163776290825,0,9074
1334,757741869644341248,7474,3615
1335,758041019896193024,2945,423
1336,758355060040593408,3722,1207
1337,758405701903519748,5647,2144
1338,758467244762497024,5222,2480
1339,758474966123810816,4144,1103
1340,758740312047005698,6222,1781
1341,758828659922702336,12159,4270
1342,758854675097526272,3853,995
1343,759047813560868866,7082,2248
1344,759099523532779520,15792,4687
1345,759159934323924993,0,1308
1346,759197388317847553,6589,2168
1347,759447681597108224,9244,2744
1348,759557299618865152,5102,1313
1349,759566828574212096,0,23684
1350,759793422261743616,6488,2130
1351,759846353224826880,7300,2214
1352,759923798737051648,15970,6352
1353,760190180481531904,6206,2022
1354,760252756032651264,4276,966
1355,760290219849637889,29104,12824
1356,760539183865880579,8242,4055
1357,760641137271070720,5382,1446
1358,760656994973933572,7191,2152
1359,760893934457552897,4156,1084
1360,761004547850530816,12249,3860
1361,761227390836215808,5782,1727
1362,761292947749015552,4864,1233
1363,761334018830917632,5679,1616
1364,761371037149827077,0,20023
1365,761599872357261312,4495,1313
1366,761672994376806400,53871,32525
1367,761745352076779520,4635,957
1368,761750502866649088,0,4423
1369,761976711479193600,5883,2258
1370,762035686371364864,34787,17475
1371,762316489655476224,5253,1262
1372,762464539388485633,11272,4716
1373,762471784394268675,12296,7324
1374,762699858130116608,13261,4064
1375,763103485927849985,7998,2544
1376,763183847194451968,5904,1658
1377,763837565564780549,13735,4683
1378,764259802650378240,6586,1703
1379,764857477905154048,6971,1972
1380,765222098633691136,12651,3792
1381,765371061932261376,7710,2411
1382,765395769549590528,28641,3796
1383,765669560888528897,5649,1366
1384,765719909049503744,7869,2412
1385,766008592277377025,4067,559
1386,766069199026450432,4664,979
1387,766078092750233600,0,2902
1388,766313316352462849,7365,2114
1389,766423258543644672,6558,1781
1390,766693177336135680,4399,888
1391,766793450729734144,5546,1528
1392,767122157629476866,11020,3198
1393,767191397493538821,13376,4283
1394,767500508068192258,8141,2617
1395,767754930266464257,17475,6057
1396,767884188863397888,5186,1582
1397,768193404517830656,11891,3969
1398,768473857036525572,14833,3847
1399,768596291618299904,5487,1436
1400,768609597686943744,4490,1353
1401,768855141948723200,4582,1004
1402,768970937022709760,15715,7354
1403,769212283578875904,5886,1923
1404,769695466921623552,6970,1869
1405,769940425801170949,34314,10832
1406,770069151037685760,8244,2586
1407,770093767776997377,0,3420
1408,770293558247038976,6794,1673
1409,770414278348247044,6863,2315
1410,770655142660169732,7991,1966
1411,770772759874076672,5661,1584
1412,770787852854652928,5410,1373
1413,771004394259247104,0,247
1414,771014301343748096,7507,1859
1415,771102124360998913,6780,1612
1416,771136648247640064,10028,3275
1417,771171053431250945,0,8485
1418,771380798096281600,11508,5746
1419,771500966810099713,9016,2937
1420,771770456517009408,13112,3816
1421,772102971039580160,4367,1039
1422,772114945936949249,2954,527
1423,772117678702071809,4088,823
1424,772152991789019136,4111,1264
1425,772193107915964416,6550,1560
1426,772581559778025472,7063,1908
1427,772615324260794368,0,3792
1428,772826264096874500,8698,2610
1429,772877495989305348,9373,4377
1430,773191612633579521,10898,4617
1431,773247561583001600,10217,3604
1432,773308824254029826,25349,8413
1433,773547596996571136,24056,6943
1434,773670353721753600,5820,1459
1435,773704687002451968,7195,1837
1436,773922284943896577,6972,1946
1437,773985732834758656,11721,4368
1438,774314403806253056,23761,6293
1439,774639387460112384,7343,1958
1440,774757898236878852,9314,1985
1441,775085132600442880,16974,5332
1442,775364825476165632,8135,3365
1443,775729183532220416,14106,5169
1444,775733305207554048,15134,4507
1445,775842724423557120,12782,3022
1446,775898661951791106,0,17424
1447,776088319444877312,1999,171
1448,776113305656188928,12834,4911
1449,776201521193218049,10479,2836
1450,776218204058357768,32771,17993
1451,776477788987613185,9694,3154
1452,776813020089548800,5333,1364
1453,776819012571455488,0,15451
1454,777189768882946048,15632,4869
1455,777621514455814149,9565,2812
1456,777641927919427584,0,4813
1457,777684233540206592,12286,3316
1458,777885040357281792,6952,1850
1459,778027034220126208,7177,1834
1460,778039087836069888,9268,2982
1461,778286810187399168,11357,3734
1462,778383385161035776,6394,1241
1463,778396591732486144,0,13817
1464,778408200802557953,14896,4899
1465,778624900596654080,5082,1140
1466,778650543019483137,6321,1689
1467,778748913645780993,7552,1507
1468,778990705243029504,21909,8223
1469,779056095788752897,16188,5105
1470,779123168116150273,12921,4108
1471,779377524342161408,9663,3519
1472,779834332596887552,20841,8000
1473,780192070812196864,9536,2529
1474,780459368902959104,5782,1199
1475,780476555013349377,0,133
1476,780496263422808064,0,4207
1477,780543529827336192,6905,1961
1478,780601303617732608,13248,3752
1479,780800785462489090,6039,1466
1480,780858289093574656,7873,2252
1481,780931614150983680,23688,8306
1482,781163403222056960,10695,3075
1483,781251288990355457,9256,2375
1484,781524693396357120,22730,6249
1485,781661882474196992,11435,3058
1486,781955203444699136,12149,3805
1487,782021823840026624,0,7065
1488,782305867769217024,18265,6290
1489,782598640137187329,8548,2130
1490,782722598790725632,18911,6081
1491,782747134529531904,8170,1571
1492,782969140009107456,26456,8301
1493,783085703974514689,8931,2501
1494,783334639985389568,32038,13250
1495,783347506784731136,0,6350
1496,783391753726550016,18533,6243
1497,783466772167098368,9286,2550
1498,783695101801398276,11443,3634
1499,783821107061198850,8069,2220
1500,783839966405230592,33013,12258
1501,784431430411685888,6226,1448
1502,784517518371221505,9841,2870
1503,784826020293709826,11130,3637
1504,785170936622350336,13277,5507
1505,785264754247995392,7976,1855
1506,785533386513321988,10001,2278
1507,785639753186217984,8566,2500
1508,785872687017132033,7334,2068
1509,785927819176054784,12476,3570
1510,786036967502913536,0,8000
1511,786233965241827333,16834,5426
1512,786363235746385920,11968,3968
1513,786595970293370880,10319,3514
1514,786664955043049472,11715,2912
1515,786709082849828864,19938,6892
1516,786963064373534720,29160,9082
1517,787322443945877504,8560,1979
1518,787397959788929025,11898,3208
1519,787717603741622272,11209,3156
1520,787810552592695296,9530,3457
1521,788039637453406209,6738,1495
1522,788070120937619456,0,3859
1523,788150585577050112,6755,1478
1524,788178268662984705,7954,2415
1525,788412144018661376,17132,6018
1526,788765914992902144,30126,11687
1527,788908386943430656,30066,14065
1528,789137962068021249,10664,3160
1529,789268448748703744,10023,2941
1530,789530877013393408,12914,3823
1531,789599242079838210,7468,2194
1532,789628658055020548,8286,2018
1533,789986466051088384,10183,2630
1534,790277117346975746,13800,3647
1535,790337589677002753,8598,2116
1536,790581949425475584,22712,8119
1537,790698755171364864,9010,2157
1538,790723298204217344,0,2630
1539,790946055508652032,18252,5331
1540,790987426131050500,10885,2418
1541,791026214425268224,0,4683
1542,791312159183634433,9656,2880
1543,791406955684368384,14419,4661
1544,791672322847637504,12906,3557
1545,792050063153438720,7890,2034
1546,792394556390137856,14842,4869
1547,792773781206999040,8065,1912
1548,792883833364439040,12419,4843
1549,792913359805018113,15774,4566
1550,793120401413079041,13938,4422
1551,793135492858580992,7085,2816
1552,793150605191548928,6778,1939
1553,793165685325201412,10328,3157
1554,793180763617361921,7585,2247
1555,793195938047070209,16769,6368
1556,793210959003287553,9813,3205
1557,793226087023144960,10798,3239
1558,793241302385262592,11575,3721
1559,793256262322548741,21951,9445
1560,793271401113350145,9485,2674
1561,793286476301799424,27054,10434
1562,793500921481273345,11746,2707
1563,793601777308463104,8756,1853
1564,793614319594401792,0,3557
1565,793845145112371200,10115,2125
1566,793962221541933056,18513,5561
1567,794205286408003585,10122,3778
1568,794332329137291264,10496,3000
1569,794355576146903043,0,11687
1570,794926597468000259,11291,2628
1571,794983741416415232,0,3823
1572,795076730285391872,17825,6152
1573,795400264262053889,11086,3246
1574,795464331001561088,54736,27044
1575,796031486298386433,11860,4191
1576,796080075804475393,9278,2624
1577,796116448414461957,9965,2746
1578,796149749086875649,35566,16241
1579,796177847564038144,0,16241
1580,796387464403357696,12105,4725
1581,796484825502875648,8326,2001
1582,796759840936919040,13038,3477
1583,796865951799083009,8416,2151
1584,797236660651966464,21957,7522
1585,797545162159308800,15939,5496
1586,797971864723324932,12793,3565
1587,798209839306514432,11373,2888
1588,798340744599797760,0,3816
1589,798628517273620480,0,2225
1590,798644042770751489,0,2100
1591,798665375516884993,0,4422
1592,798673117451325440,0,6315
1593,798694562394996736,0,5659
1594,798697898615730177,0,7403
1595,798925684722855936,8148,1626
1596,798933969379225600,14464,5079
1597,799063482566066176,8880,2789
1598,799297110730567681,10876,3153
1599,799422933579902976,8822,2162
1600,799757965289017345,9225,2448
1601,799774291445383169,0,5332
1602,800018252395122689,31174,14947
1603,800141422401830912,16789,2909
1604,800388270626521089,12235,3171
1605,800443802682937345,0,4911
1606,800459316964663297,10362,2430
1607,800513324630806528,14426,3409
1608,800751577355128832,11515,3135
1609,801115127852503040,8852,2362
1610,801167903437357056,26918,6756
1611,801285448605831168,6656,939
1612,801538201127157760,8978,2335
1613,801958328846974976,8464,1933
1614,802239329049477120,9943,2948
1615,666094000022159362,166,76
